%!PS-Adobe-2.0
%%Creator: SolveSpace
%%Title: title
%%Pages: 0
%%PageOrder: Ascend
%%BoundingBox: 0 0 317 317
%%HiResBoundingBox: 0 0 316.346 316.346
%%EndComments

gsave

newpath
    302.173 14.173 moveto
    302.173 302.173 lineto
    14.173 302.173 lineto
    14.173 14.173 lineto
    302.173 14.173 lineto
    35.146 285.452 moveto
    30.894 285.452 4.252 0.000 -90.000 arcn
    30.894 285.452 4.252 -90.000 180.000 arcn
    30.894 285.452 4.252 180.000 90.000 arcn
    30.894 285.452 4.252 90.000 0.000 arcn
    289.704 285.452 moveto
    285.452 285.452 4.252 0.000 -90.000 arcn
    285.452 285.452 4.252 -90.000 180.000 arcn
    285.452 285.452 4.252 180.000 90.000 arcn
    285.452 285.452 4.252 90.000 0.000 arcn
    289.704 30.894 moveto
    285.452 30.894 4.252 0.000 -90.000 arcn
    285.452 30.894 4.252 -90.000 180.000 arcn
    285.452 30.894 4.252 180.000 90.000 arcn
    285.452 30.894 4.252 90.000 0.000 arcn
    37.150 32.898 moveto
    32.898 32.898 4.252 0.000 -90.000 arcn
    32.898 32.898 4.252 -90.000 180.000 arcn
    32.898 32.898 4.252 180.000 90.000 arcn
    32.898 32.898 4.252 90.000 0.000 arcn
    175.181 191.934 moveto
    141.165 191.934 lineto
    141.165 203.272 lineto
    175.181 203.272 lineto
    175.181 191.934 lineto
    191.934 141.165 moveto
    191.934 175.181 lineto
    203.272 175.181 lineto
    203.272 141.165 lineto
    191.934 141.165 lineto
    175.181 124.413 moveto
    175.181 113.074 lineto
    141.165 113.074 lineto
    141.165 124.413 lineto
    175.181 124.413 lineto
    124.413 141.165 moveto
    113.074 141.165 lineto
    113.074 175.181 lineto
    124.413 175.181 lineto
    124.413 141.165 lineto
    169.512 158.173 moveto
    158.173 158.173 11.339 -0.000 -90.000 arcn
    158.173 158.173 11.339 -90.000 180.000 arcn
    158.173 158.173 11.339 180.000 90.000 arcn
    158.173 158.173 11.339 90.000 0.000 arcn
    0.462 setlinewidth
    0.000 0.000 0.000 setrgbcolor
    1 setlinejoin
    1 setlinecap
    gsave stroke grestore

grestore

